
 No   [ aj   ,   ai )    xi      ni     V       EV 
  1   [0.837 , 1.169)   1.003     9   0.900   0.900
  2   [1.169 , 1.501)   1.335    16   1.600   2.500
  3   [1.501 , 1.832)   1.667     9   0.900   3.400
  4   [1.832 , 2.164)   1.998     6   0.600   4.000
  5   [2.164 , 2.496)   2.330    15   1.500   5.500
  6   [2.496 , 2.828)   2.662    16   1.600   7.100
  7   [2.828 , 3.160)   2.994     8   0.800   7.900
  8   [3.160 , 3.491)   3.325     8   0.800   8.700
  9   [3.491 , 3.823)   3.657    11   1.100   9.800
 10   [3.823 , 4.155)   3.989     2   0.200   10.000
                                100           1.000

 x  = 2.336747
 x2 = 6.204458
 S2 = 0.744073
 S  = 0.862597
Var = 36.914429
 Me = 2.827778
 Mo = 1.003000
 As = 0.070239
 Ek = 1.881394
